2
4
8
16
32
64
128
256
512
1024
2048
4096
8192
16384
32768
65536
131072
262144
524288
1048576
2097152
4194304
8388608
16777216
33554432
67108864
134217728
268435456
536870912
1073741824
2147483648
4294967296
8589934592
17179869184
34359738368
68719476736
137438953472
274877906944
549755813888
1099511627776
2199023255552
4398046511104
8796093022208
17592186044416
35184372088832
7036 8744 177664
140 7374 88 355 328
28 1474 9767 10656
5629 4995 3421 312
1125 8999 0684 2624
2251 7998 1368 5248
4503 5996 2737 0496
9007 1992 5474 0992
18014 3985 0948 1984
36028 7970 1896 3968
72057 5940 3792 7936
144115 1880 7585 5872
288230 3761 5171 1744
576460 7523 0342 3488
1152 9215 04606 846 976
2305 8430 09213 693 952
4611 6860 18427 387 904
9 2233 7203 6854 775808
1844 6744 0737 0955 1616
3689 3499 1474 1910 3232
7378 6976 2948 3820 6464
14757 395 258 967 6412928
29514 790 517 935 2825856
59029 58103 5870 5651712
1180 5916 2071 7411 303 424
2361 1832 414348 2260 6848
47 223 664 8286964 5213696
94447 3296 57392 9042 7392
18889 46593 14785 8085 4784
377789 31862 95 716170 9568
755578 63725 914323419 136
1511157 2745 1 828646838 272
30223 14549 0365 729 3676544
6044 62909 807 31458 7353 088
12089 258 196 14629 174 706 176
241 7851 639 229 258 34941 2352
48 3570 32784 5851 66988 24704
9614 40655 6917 03339 7469 408

